-1.6540076266835513e-05
-1.667751141098961e-05
-1.687654843962605e-05
-1.676061296507214e-05
-1.6623323016773384e-05
-1.6978261566436004e-05
-1.622887090135805e-05
-1.691000759951322e-05
-1.686803236822243e-05
-1.625656503989603e-05
-1.6674511873482345e-05
-1.6925441446602463e-05
-1.6615807506781266e-05
-1.6943379456790808e-05
-1.6810562039282217e-05
-1.6665846089836123e-05
-1.6472115795806985e-05
-1.6871431064657827e-05
-1.6694016778728837e-05
-1.6257304885414214e-05
-1.665217231838767e-05
-1.6639825439312972e-05
-1.6749159581053163e-05
-1.6971416549438345e-05
-1.6850841802806826e-05
