-4.8262759268169475e-05
-4.826282737724341e-05
-4.825348641190885e-05
-4.825322565693568e-05
-4.825720154855162e-05
-4.82639555379194e-05
-4.826531707635695e-05
-4.826070234287272e-05
-4.825804336405781e-05
-4.8265590216090004e-05
-4.8252513646929174e-05
-4.826422132708785e-05
-4.826350527942225e-05
-4.8265014143566987e-05
-4.8265123925972375e-05
-4.8264516784968237e-05
-4.825556449539192e-05
-4.826157766757433e-05
-4.825420085552423e-05
-4.8265884478482235e-05
-4.824868366881674e-05
-4.825884930781399e-05
-4.826479443664766e-05
-4.8265221561649696e-05
-4.8262632748929946e-05
