-0.00010284168763519119
-0.0001028416964174994
-0.00010284168256191606
-0.00010284160023132927
-0.00010284167111507259
-0.00010284169626118
-0.00010284045684727516
-0.00010284156634288166
-0.000102841695479583
-0.00010284169394481069
-0.00010284166600627032
-0.00010284162886620152
-0.00010284162095786087
-0.00010284169653829167
-0.00010284148871164689
-0.000102841677872334
-0.00010284169092500406
-0.0001028416933266385
-0.00010284169280794231
-0.00010284161126605795
-0.0001028416966235568
-0.00010284168146768025
-0.00010284168946128602
-0.00010284169595564663
-0.00010284168370233715
