-0.16880797144612347
-0.16860731441498067
-0.16879179285392376
-0.16877115696061762
-0.16878947106942
-0.16879686586950515
-0.16881263729117246
-0.16881704967665523
-0.16881101235614682
-0.16881909315530197
-0.1640963063329517
-0.1688098643615994
-0.16880999904323124
-0.16880097293746021
-0.16880950440931097
-0.1687363688405945
-0.16872699733708574
-0.16879114860059619
-0.16642986324445097
-0.16881162900548707
-0.1688119956680567
-0.16872332701814496
-0.15878248970829412
-0.1687608385216779
-0.16856599776050052
