4.808120418662797e-21
2.4518242536526205e-21
7.267937825467241e-22
3.6486165187531e-22
2.264002923584218e-22
1.2957151867581096e-22
5.401393524158781e-22
1.9664152721193097e-23
2.6887804686767326e-22
1.678527587958315e-22
4.748599137484122e-24
1.835205076720689e-21
7.062918144312032e-23
7.918179842205998e-23
2.68870847266992e-22
5.680418362582372e-22
7.022948806553759e-22
1.9685011071274136e-22
1.6057313901025053e-22
4.558947688880725e-22
2.873702271031258e-21
1.2633452420459293e-22
8.725990047831179e-22
1.6034498483427102e-21
2.9685544698130846e-22
