3.5242360940748702e-28
1.6754666069795646e-28
5.168148264845594e-28
3.479985927672629e-28
1.9831223600157592e-28
2.328249006049952e-28
1.04671981361513e-28
1.0708786788375235e-28
2.082592789783471e-28
3.676091818329915e-28
4.183058209450856e-28
1.4476830205969974e-28
2.105395800325016e-28
4.490097664904847e-28
1.575256620113208e-28
2.435608044869874e-28
5.14546851382049e-28
2.981031405120339e-28
1.2830083066321112e-28
2.3203603969977418e-28
1.9742476748320228e-28
1.135959703518257e-28
1.6813830637687222e-28
1.963400837385234e-28
2.0569548103637883e-28
