1.9013896409949666e-12
5.36882513725852e-13
3.938141370349866e-09
8.65428274252839e-11
8.076555849504292e-09
8.77932780645876e-09
2.2668267765569312e-10
3.2878704313194037e-09
3.759830695077304e-09
6.9374834271982175e-12
7.525303681216265e-07
3.894756358601016e-09
1.5531220101983292e-10
2.0377554214062785e-13
3.5907702527700607e-14
1.4397894066618465e-07
3.2675624954176024e-09
8.59043232067001e-10
1.3594305925806295e-08
1.0818532497725962e-11
8.633266202375169e-08
7.9106934819816e-10
3.641336770012728e-13
6.128516836987506e-11
7.662427088777228e-12
