0.010855265019130256
0.010855283358278012
0.01085526509348711
0.010855267083475062
0.010855294973669882
0.010855410435042234
0.010855265044663387
0.010855267023541226
0.010855265125095714
0.010855305971200546
0.01085526505812251
0.43782051111895215
0.010855265430075534
0.7106935762512763
0.010855292779032633
0.010855265101789136
0.010855265021335492
0.4564910910465382
0.01085526501957712
0.01085526540073567
0.010855342558012682
0.010855266093832916
0.010855265346602971
0.01085673056524361
0.010855265021643135
