2.785858763583692e-06
1.7773990516357748e-05
4.539091374546946e-06
5.588677418044632e-06
3.0054797742827404e-06
1.484843307145167e-06
4.545997238375821e-06
1.5433937475981185e-06
0.0
1.049745356078146e-06
4.9644566005079536e-06
6.466863127525898e-06
4.566595222360406e-06
2.0700465089150787e-06
2.51328760813827e-06
6.782159327903833e-06
3.840270335758684e-06
9.329623411815558e-06
7.798365576389264e-07
1.6199233809631837e-06
8.035831491575268e-06
5.95982187145235e-06
1.919298233581761e-06
1.4161874428991385e-06
3.3302751594345363e-06
