1.8666449710533224e-22
2.1413081738661194e-22
2.8431257529636835e-20
4.100464547945105e-20
6.692288644568245e-23
4.851233773638261e-22
6.857394125891189e-23
9.703133136216091e-22
3.193418083165705e-20
5.9334218704632165e-21
6.013021919190135e-21
1.7845864884926335e-21
3.888100142736588e-23
4.9743926856000954e-21
1.60004229639989e-21
2.8075516578290455e-22
4.446809906834823e-22
1.5328491197565865e-22
7.657007656626712e-22
2.4435828501647477e-22
2.0776606889949145e-20
1.7710320110847567e-22
2.0896806803649787e-23
2.739375211168041e-21
3.8987851499909025e-21
