3.0461124298010726e-28
1.630969921544442e-28
8.668841791280275e-29
3.0030948585632393e-28
1.7887421025886443e-28
2.4824466611173715e-28
2.253676998603278e-28
2.782213805101356e-28
1.9476236192808137e-28
2.0551059176171765e-28
1.6744805308480383e-28
9.960601523579682e-29
2.0727320284682085e-28
4.337872162100479e-28
2.4035605705952703e-28
2.194512430711702e-28
2.312841566494854e-28
2.1744211295318546e-28
1.9318464011763934e-28
3.41872594800156e-28
2.533352841407415e-28
1.728714718081983e-28
4.5753932502818685e-29
1.4802235329373642e-28
2.704930088292985e-28
