5.226575616053246e-21
6.406720174737264e-23
1.0978126149760406e-23
4.912681327299519e-22
1.3286794723417922e-22
1.303903113229632e-21
2.7577936390718313e-22
1.7490530966110178e-21
2.585384763643124e-21
5.962664421451498e-23
4.91938522208604e-22
2.243670698367459e-22
1.1079921498062034e-21
2.631748154834114e-22
1.4913872346091435e-22
8.154144617522355e-23
7.983848745471328e-21
1.6186765794380332e-22
1.542952042264527e-22
2.659147866745067e-22
2.759584927124384e-21
3.842970928166579e-22
1.040764663814869e-22
3.3422549156977476e-23
1.7600730687379863e-22
