2.808344822586802e-28
6.279332805559254e-28
2.662405555120915e-28
4.141519752410312e-28
1.8183243865344322e-28
7.257520328033309e-28
3.3013828883499344e-28
7.845221702422962e-28
2.01159530831358e-28
4.768664172061016e-28
4.666112254382285e-28
8.70113578458776e-28
2.9227296538438487e-28
3.8969728717917983e-28
2.33108397492809e-28
4.464952723550927e-28
2.208810534618833e-28
2.2443092753537786e-28
2.5874637691249187e-28
2.954284090052689e-28
7.513900122230137e-28
3.1002233575185764e-28
4.756831258482701e-28
5.506249118442662e-28
2.3231953658758798e-28
