8.741110341833409e-14
1.6378783707866362e-12
1.3776008529799155e-15
8.882387743543252e-15
9.543905456217541e-15
2.8673066919552025e-16
3.9866904095586e-14
2.883046356175159e-15
9.93051650391811e-15
1.425366498540153e-15
2.268302541496998e-15
1.4529642954918284e-14
7.717403847034774e-16
5.605368336952627e-15
7.704061014320136e-15
5.263587534852677e-16
4.16502178181511e-15
7.33206745417887e-16
4.115640916026863e-15
1.2469339156819902e-16
1.1373442634547067e-14
4.377989158289684e-15
3.7511035248927167e-13
5.040107862670094e-13
1.0638867006722477e-13
