0.001949333377271978
0.004147222180794097
0.00783018671870982
0.0028308634450444517
0.0018539608079242043
0.0
4.88461294627541e-05
0.009465710451568066
0.002065127128932909
0.0005545651105795968
0.004970610952920162
0.001556076478354862
0.0030641288849755258
0.003273952554170501
0.0003632333633196595
0.0007089724723561175
0.0030660686148597962
6.15232275753442e-05
0.003613545645013028
0.0007895459920097437
0.0011101101038979322
0.002272855027843457
0.0002948297024294334
0.0019168610451491986
0.00019051801129753586
