0.0014378636581857563
0.0002507795637460731
0.0009442860368584661
0.0006845376992179353
0.0007788087862825477
0.0006200418848896106
0.00021324581777880668
0.001020581161330847
2.086032634783805e-05
0.0013794822687065334
0.0003216556979770303
0.0011690748874035762
0.0022979430471001708
0.002255473891100246
0.0014968672892654467
0.002164515799467404
0.00038063985194346515
0.00026183118490384914
0.002307438993145661
0.00035513766424676306
3.9988170488436476e-05
0.0015957369672070399
0.00014603176925097615
0.0007933324176894075
0.0034617859988263946
