0.0004086392383662041
0.00047574679753026317
0.00046701418069350353
0.00047824794862094677
0.00046268613151667637
0.0005121278388575679
0.0004032358500243305
0.0007934382440053511
0.000305033421850176
0.00048714362054891325
0.00043777999196903394
0.0002656716239171908
0.0005467071803266776
9.894256098741394e-05
0.0003585558825633939
0.0006267111881470555
0.000965755048231931
0.0005175758470068459
0.00046826582147430074
0.0005061761792486408
0.0003586770386601046
0.000372224377608088
0.00033090124512114016
0.0003342252700635484
0.0003769169587997112
