-0.00028398091597203745
-0.00028398090973702494
-0.000283980912360704
-0.00028398074285806985
-0.00028398088951463174
-0.00028398091673409454
-0.00028398088805570154
-0.0002839809169330465
-0.00028398089167769314
-0.0002839809160697371
-0.00028398086603753647
-0.00028398091504655554
-0.00028398091699299854
-0.0002839809069490329
-0.00028398089815162564
-0.0002839809159826956
-0.0002839809167667351
-0.0002839808783852149
-0.0002839809151993222
-0.00028398091272130443
-0.00028398091599060593
-0.00028398091437153994
-0.0002839809105412705
-0.0002839807324601651
-0.00028398081320668567
