-0.00013406058080656091
-0.00013427189254278105
-0.00013311434161167313
-0.0001248667195146158
-0.00011248701021338015
-0.00013425915117037945
-0.0001339535978663875
-0.00013408857670782481
-0.00012873235497856683
-0.00013446591187893375
-0.00013138313517879752
-0.00013423308539284307
-0.0001335861458207077
-0.00013427950172362202
-0.00013138088773917422
-0.00013215168267599608
-0.00013252251648587787
-0.0001335196689851159
-0.00012559516853372088
-0.00013385953675548734
-0.00013285522692285667
-0.000125298467848034
-0.00013217342446147917
-0.00013345560009980773
-0.00013446552968265912
